0 0.0022607421875
1 0.00265869140625
2 0.0025927734375
3 0.01796630859375
4 0.008037109375
5 0.0046044921875
6 0.00682373046875
7 0.0014599609375
8 0.0093896484375
9 0.00232421875
10 0.00240234375
11 0.01134521484375
12 0.01126708984375
13 0.00422607421875
14 0.0095654296875
15 0.00594970703125
16 0.00189453125
17 0.0006689453125
18 0.00245849609375
19 0.00376708984375
20 0.01378662109375
21 0.0050439453125
22 0.002646484375
23 0.01370361328125
24 0.00122802734375
25 0.00464599609375
26 0.0017529296875
27 0.00234619140625
28 0.0067431640625
29 0.00271484375
30 0.00162353515625
31 0.0018896484375
32 0.00313232421875
33 0.003896484375
34 0.00371826171875
35 0.0017236328125
36 0.0009619140625
37 0.00443115234375
38 0.00158935546875
39 0.00642822265625
40 0.01927490234375
41 0.0023974609375
42 0.00349609375
43 0.00876708984375
44 0.00532470703125
45 0.0106298828125
46 0.005732421875
47 0.00197265625
48 0.00156005859375
49 0.00428955078125
50 0.00652587890625
51 0.002021484375
52 0.00223388671875
53 0.0003759765625
54 0.003603515625
55 0.01015380859375
56 0.00171630859375
57 0.0010693359375
58 0.00130859375
59 0.00195556640625
60 0.0036572265625
61 0.01707763671875
62 0.0016845703125
63 0.0011572265625
64 0.006826171875
65 0.0012548828125
66 0.00190673828125
67 0.00262451171875
68 0.001416015625
69 0.00143798828125
70 0.0014111328125
71 0.00436767578125
72 0.00473388671875
73 0.00148193359375
74 0.00197998046875
75 0.00067138671875
76 0.00082763671875
77 0.00266357421875
78 0.01371337890625
79 0.00759033203125
80 0.0019384765625
81 0.002802734375
82 0.00277587890625
83 0.00389404296875
84 0.00631103515625
85 0.0026513671875
86 0.0010693359375
87 0.00319580078125
88 0.00427978515625
89 0.00212158203125
90 0.012939453125
91 0.001923828125
92 0.00239990234375
93 0.00421142578125
94 0.00190185546875
95 0.00255615234375
96 0.00215576171875
97 0.00102783203125
98 0.00579345703125
99 0.001982421875
100 0.000966796875
101 0.0032958984375
102 0.00160888671875
103 0.00393310546875
104 0.00154541015625
105 0.00204345703125
106 0.0028662109375
107 0.000869140625
108 0.0038037109375
109 0.0026220703125
110 0.0024267578125
111 0.0026416015625
112 0.00528564453125
113 0.0009326171875
114 0.0040283203125
115 0.0008251953125
116 0.0017578125
117 0.0022802734375
118 0.0013232421875
119 0.01267578125
120 0.00236328125
121 0.0024560546875
122 0.00468505859375
123 0.005419921875
124 0.00487548828125
125 0.00176025390625
126 0.00416748046875
127 0.00224609375
128 0.0017333984375
129 0.00622802734375
130 0.0017529296875
131 0.00531494140625
132 0.00046142578125
133 0.0025830078125
134 0.00654052734375
135 0.00287841796875
136 0.00419189453125
137 0.00754638671875
138 0.0021044921875
139 0.00213134765625
140 0.00419189453125
141 0.00367431640625
142 0.00726318359375
143 0.0017333984375
144 0.006142578125
145 0.01004150390625
146 0.00106201171875
147 0.00370849609375
148 0.00355224609375
149 0.00180908203125
150 0.001611328125
151 0.00087890625
152 0.0020068359375
153 0.00183837890625
154 0.0091845703125
155 0.00558837890625
156 0.003095703125
157 0.0033544921875
158 0.0022509765625
159 0.0012158203125
160 0.00172607421875
161 0.00299560546875
162 0.00147705078125
163 0.002119140625
164 0.00233642578125
165 0.002607421875
166 0.00030517578125
167 0.00568115234375
168 0.00314453125
169 0.0039599609375
170 0.0008984375
171 0.009697265625
172 0.00558349609375
173 0.00259033203125
174 0.004677734375
175 0.00131103515625
176 0.00102783203125
177 0.00248046875
178 0.003720703125
179 0.00391845703125
180 0.00138916015625
181 0.00957275390625
182 0.00351806640625
183 0.00166015625
184 0.0017626953125
185 0.00216796875
186 0.00141845703125
187 0.00736083984375
188 0.00463623046875
189 0.0020068359375
190 0.00272705078125
191 0.002734375
192 0.0003564453125
193 0.0081884765625
194 0.00753662109375
195 0.00356689453125
196 0.00179931640625
197 0.00306884765625
198 0.00457763671875
199 0.00196533203125
200 0.00120849609375
201 0.01382080078125
202 0.0009423828125
203 0.00273193359375
204 0.0068701171875
205 0.00118408203125
206 0.00189453125
207 0.00769775390625
208 0.00500244140625
209 0.00286376953125
210 0.0021337890625
211 0.01404296875
212 0.001923828125
213 0.00210693359375
214 0.00235595703125
215 0.0054833984375
216 0.00700927734375
217 0.00150146484375
218 0.000517578125
219 0.00331787109375
220 0.00163330078125
221 0.00151123046875
222 0.0110791015625
223 0.00441650390625
224 0.00069580078125
225 0.00146484375
226 0.0059423828125
227 0.0044775390625
228 0.00042236328125
229 0.0012158203125
230 0.00145751953125
231 0.008896484375
232 0.00163818359375
233 0.00115478515625
234 0.0057861328125
235 0.011845703125
236 0.0050439453125
237 0.00380859375
238 0.01628173828125
239 0.0014697265625
240 0.00346923828125
241 0.0023876953125
242 0.00496337890625
243 0.00532470703125
244 0.005859375
245 0.0030615234375
246 0.0030859375
247 0.00337158203125
248 0.00148193359375
249 0.00198486328125
250 0.0055224609375
251 0.001923828125
252 0.0008544921875
253 0.00140869140625
254 0.00298583984375
255 0.0033203125
